0.613795153857589 3462.77 -1582.9 1514.10748847926 15899777.4206139 3979.06491378029
0.673092392553436 3908.49 -1498.44 2140.91959405884 13005029.0343003 4008.84094949437
0.53726652174515 3414.28 -2089.93 867.30078852997 167404581.10247 4330.4728016006
0.63269781543218 3536.71 -1581.41 1656.81587424655 12443594.5651759 4179.24428225623
0.589330430048993 3352.2 -1564.19 1333.18924550898 10385131.8204458 4053.34066194883
0.683322931835518 3815.86 -1532.9 2122.03260606061 12355192.0849718 4089.32111420845
0.642578237151881 3733.56 -1502.66 1862.01668303187 13105536.3134275 3936.7459641114
0.758047493403694 4584.6 -1482.78 3116.5853383905 17566236.35298 4413.60635026385
0.642920616113744 3553.01 -1568.96 1724.05973637441 13740480.887974 4140.37998518957
0.658524936890223 3821.01 -1994.59 1835.12690250392 16837210.4835689 4998.77410042983
0.611218881344972 3373.57 -1853.94 1341.21600630456 14417882.0231976 4835.607061914
0.623489143223874 3554.41 -1857.02 1516.95126644561 15293379.1136204 4620.07943202482
0.693067085483509 3681.32 -1543.71 2077.58812205519 23142198.2351255 4944.30059232668
0.476288811859282 3159.03 -2435.99 228.858714138211 26534786.7938248 5828.68597942326
0.777413587604291 4037.5 -1318.38 2845.35767282479 13472289.7736387 3848.7990613826
0.745372737498722 4180.99 -1841.48 2647.50485121178 15848096.9718765 4819.20176500665
0.729003359462486 3631.35 -1890.65 2134.90504367301 16422677.861934 4790.33191041433
0.463898839066074 3599.92 -3017.14 52.5058525743388 22519134.558633 6560.08941737517
0.367661931508768 3219.25 -3557.18 -1065.74217780959 23951884.6559421 6508.43989528714
0.488847111427265 3364.64 -2209.31 515.501805294447 16158664.0557239 5507.89537980794
0.709532374100719 4050.7 -1400.84 2467.20222893114 14072889.9617478 4091.68780190134
0.529389107156613 3591.89 -2483.19 732.888251290347 18733238.0399527 5598.73974347123
0.580587503885608 3341.76 -2614.14 843.780313957103 19183617.548434 5501.886067765
0.472851897184823 2871.47 -2479.24 50.8544156670746 16062204.3462056 5895.05429914321
0.46311621718106 3316.82 -3185.47 -174.151704475384 45858519.4718035 6469.55838347451
0.630673143650243 3470.31 -1459.41 1649.63365579459 10909249.6343623 3690.5793907009
0.519430051813471 3086.7 -1931.77 674.973426754592 13867454.3469429 4917.51715261422
0.779601163273785 4744.35 -1256.8 3421.70099813045 18108398.9110234 3636.99810864146
0.693835242771413 3651.59 -1357.79 2117.89165084561 13044705.5812517 4041.73355373704
0.760670939588163 3944 -1354 2676.03211373244 13055181.6637359 3911.31712941497
0.486803958812356 3031.44 -2441.15 222.925072478256 15120453.3686091 5001.02494251725
0.638344731656427 3579.26 -1847.27 1616.72822997566 34055569.1202631 3852.50220934276
0.690501600853789 4072.84 -1528.12 2339.34956054994 15980818.8936537 4299.3512995166
0.555679785330948 3215.91 -1943.42 923.516216457961 13482231.3776255 5176.66610316041
0.567065460558311 3682.38 -1829.48 1296.10814998541 20716086.3713543 5138.27401128295
0.546590645407233 3293.6 -2107.23 844.811312029702 30148137.4383079 5316.22283123943
0.608212666468605 3813.12 -2610.65 1296.37042032112 52438653.6453964 5573.59376067272
0.49831867563373 2891.65 -1707.3 584.445077599586 9513317.90862359 4767.57949560269
0.484950248756219 3164.86 -2420.47 288.13826181592 30036508.1855813 5885.37044465174
0.771369721936148 4157.02 -1396.68 2887.27244650418 14305427.1608435 3824.08663348209
0.50892316999395 2924.03 -1611.47 696.752480338778 9969098.1596854 4182.3869630974
0.646135905862398 3371.36 -1413.78 1678.06627796035 12041005.7467764 4225.84159864306
0.509092269699918 3041.38 -2303.21 417.683155728504 14786452.0701818 4913.91289306293
0.713024077344985 3992.28 -1345.67 2460.42032072139 14034448.6511329 4099.52129868923
0.550680081982486 3248.7 -1939.83 917.390156512018 13368667.4765592 5258.06428731135
0.629053669637777 3472.53 -1585.02 1596.45471553196 19450371.82114 4397.76574720273
0.720052572286894 4401.9 -1286.29 2809.50767367631 15460615.9401177 4009.7630736012
0.783386923901393 4369.25 -1858.22 3020.29626259378 20983065.057709 5339.07158306538
0.0874929893438026 405.69 -3107.41 -2429.98054589643 7120120.24276617 3727.20582164891
0.732132629033285 4022.43 -1480.23 2548.45088589066 13924321.6795944 4630.9185534271
0.689798323843201 4088.39 -2426.61 2067.42912422107 26967914.8135474 5084.03533761473
0.576021142733172 3637.75 -2595.86 994.83170542177 56551006.4780806 5593.67534544307
0.517816193332157 3378.37 -2058.18 756.95256553184 17123280.4240853 5212.09268054331
